193
1.0 -0.011846 0.0
0.996763 -0.0122598 0.0
0.993571 -0.0126678 0.0
0.990347 -0.013079 0.0
0.987092 -0.0134936 0.0
0.983807 -0.0139123 0.0
0.980491 -0.0143347 0.0
0.977144 -0.0147608 0.0
0.973765 -0.0151906 0.0
0.970354 -0.0156243 0.0
0.96691 -0.0160615 0.0
0.963431 -0.0165022 0.0
0.959916 -0.0169464 0.0
0.956367 -0.0173941 0.0
0.952783 -0.0178455 0.0
0.949163 -0.0183005 0.0
0.945507 -0.0187592 0.0
0.941815 -0.0192216 0.0
0.938087 -0.0196878 0.0
0.934322 -0.0201578 0.0
0.93052 -0.0206317 0.0
0.926681 -0.0211097 0.0
0.922806 -0.0215918 0.0
0.918893 -0.0220781 0.0
0.914943 -0.0225686 0.0
0.910956 -0.0230635 0.0
0.906931 -0.0235627 0.0
0.902869 -0.0240664 0.0
0.898768 -0.0245746 0.0
0.894628 -0.0250873 0.0
0.890448 -0.0256043 0.0
0.886228 -0.0261257 0.0
0.881966 -0.0266514 0.0
0.877662 -0.0271813 0.0
0.873315 -0.0277155 0.0
0.868925 -0.028254 0.0
0.864491 -0.0287966 0.0
0.860011 -0.0293433 0.0
0.855485 -0.0298938 0.0
0.85091 -0.030448 0.0
0.846285 -0.0310057 0.0
0.841611 -0.0315669 0.0
0.836885 -0.0321316 0.0
0.832107 -0.0326996 0.0
0.827276 -0.0332709 0.0
0.822392 -0.0338455 0.0
0.817453 -0.0344233 0.0
0.812459 -0.0350043 0.0
0.807408 -0.0355882 0.0
0.8023 -0.0361751 0.0
0.797134 -0.0367649 0.0
0.791908 -0.0373574 0.0
0.786622 -0.0379526 0.0
0.781275 -0.0385505 0.0
0.775866 -0.0391508 0.0
0.770394 -0.0397536 0.0
0.764858 -0.0403588 0.0
0.759258 -0.0409663 0.0
0.753591 -0.0415759 0.0
0.747858 -0.0421876 0.0
0.742056 -0.0428013 0.0
0.736186 -0.0434167 0.0
0.730245 -0.0440337 0.0
0.724233 -0.0446523 0.0
0.718149 -0.0452723 0.0
0.71199 -0.0458933 0.0
0.705757 -0.0465154 0.0
0.699447 -0.0471382 0.0
0.693059 -0.0477616 0.0
0.686593 -0.0483853 0.0
0.680046 -0.0490092 0.0
0.673418 -0.049633 0.0
0.666707 -0.0502565 0.0
0.659912 -0.0508794 0.0
0.653031 -0.0515014 0.0
0.646064 -0.0521223 0.0
0.639007 -0.0527417 0.0
0.631859 -0.053359 0.0
0.624618 -0.0539737 0.0
0.617283 -0.0545853 0.0
0.609849 -0.0551931 0.0
0.602316 -0.0557962 0.0
0.594679 -0.0563936 0.0
0.586935 -0.0569842 0.0
0.57908 -0.0575665 0.0
0.57111 -0.0581391 0.0
0.563022 -0.0587002 0.0
0.554812 -0.0592481 0.0
0.546475 -0.0597809 0.0
0.53801 -0.0602968 0.0
0.529414 -0.0607942 0.0
0.520685 -0.0612715 0.0
0.511822 -0.0617266 0.0
0.502823 -0.0621574 0.0
0.493688 -0.0625618 0.0
0.484417 -0.0629379 0.0
0.475011 -0.0632839 0.0
0.465558 -0.0635951 0.0
0.456116 -0.0638694 0.0
0.446688 -0.0641064 0.0
0.43728 -0.0643057 0.0
0.427896 -0.0644667 0.0
0.418541 -0.0645888 0.0
0.409222 -0.0646718 0.0
0.399944 -0.0647168 0.0
0.390712 -0.064725 0.0
0.381533 -0.0646976 0.0
0.37241 -0.0646358 0.0
0.363348 -0.0645408 0.0
0.354351 -0.064413 0.0
0.345424 -0.0642524 0.0
0.336572 -0.0640592 0.0
0.327797 -0.0638346 0.0
0.319102 -0.06358 0.0
0.310491 -0.0632966 0.0
0.301966 -0.0629854 0.0
0.293529 -0.0626476 0.0
0.285182 -0.0622842 0.0
0.276925 -0.0618968 0.0
0.268759 -0.061487 0.0
0.260683 -0.0610561 0.0
0.252697 -0.0606056 0.0
0.244802 -0.0601369 0.0
0.236994 -0.0596511 0.0
0.229274 -0.0591496 0.0
0.22164 -0.0586335 0.0
0.214089 -0.0581043 0.0
0.20662 -0.0575632 0.0
0.19923 -0.0570116 0.0
0.191915 -0.0564506 0.0
0.184675 -0.0558812 0.0
0.177506 -0.0553043 0.0
0.170411 -0.0547195 0.0
0.163391 -0.0541265 0.0
0.156449 -0.0535246 0.0
0.149589 -0.0529128 0.0
0.142816 -0.0522899 0.0
0.136136 -0.0516547 0.0
0.129556 -0.0510057 0.0
0.123084 -0.0503415 0.0
0.116726 -0.0496611 0.0
0.110489 -0.0489637 0.0
0.10438 -0.0482485 0.0
0.0984092 -0.0475143 0.0
0.0925859 -0.0467602 0.0
0.0869219 -0.0459849 0.0
0.0814304 -0.0451876 0.0
0.0761244 -0.0443672 0.0
0.0710167 -0.0435234 0.0
0.0661198 -0.0426562 0.0
0.0614448 -0.0417657 0.0
0.0569995 -0.0408529 0.0
0.052791 -0.039919 0.0
0.0488219 -0.0389655 0.0
0.0450887 -0.0379947 0.0
0.0415875 -0.0370087 0.0
0.0383116 -0.0360096 0.0
0.035251 -0.0349996 0.0
0.0323961 -0.0339807 0.0
0.0297363 -0.0329547 0.0
0.0272598 -0.0319233 0.0
0.0249545 -0.0308879 0.0
0.022809 -0.0298499 0.0
0.0208133 -0.0288105 0.0
0.0189576 -0.0277704 0.0
0.0172328 -0.0267306 0.0
0.0156301 -0.0256917 0.0
0.0141419 -0.0246545 0.0
0.0127612 -0.0236193 0.0
0.0114811 -0.0225866 0.0
0.010295 -0.0215568 0.0
0.00919729 -0.0205303 0.0
0.00818309 -0.0195073 0.0
0.00724764 -0.0184881 0.0
0.00638634 -0.0174729 0.0
0.00559479 -0.0164618 0.0
0.00486928 -0.0154551 0.0
0.00420649 -0.0144528 0.0
0.00360321 -0.0134551 0.0
0.00305632 -0.012462 0.0
0.00256278 -0.0114737 0.0
0.00211987 -0.0104901 0.0
0.0017253 -0.00951147 0.0
0.00137685 -0.00853772 0.0
0.00107233 -0.00756893 0.0
0.000809658 -0.00660513 0.0
0.000586777 -0.00564637 0.0
0.000401944 -0.00469264 0.0
0.000253731 -0.00374398 0.0
0.000140759 -0.00280037 0.0
6.16842e-05 -0.00186184 0.0
1.51913e-05 -0.000928376 0.0
0.0 0.0 0.0
